
size
  width: 1280
  height: 960

  model lucy.obj 100.0
  ground 0 1.0

camera
  look: 0.071 10.972 -2.533
  dist: 26.900
  angs: 2.600 28.900 0.000
  fov:  40.000
  near: 1.00000
  far:  1000.00000


light
  look: 0.000 0.000 0.000
  dist: 120.000
  angs: 96.000 60.900 0.000
  fov:  40.000
  near: 1.00000
  far:  1000.00000

animate
  frames: 0 300
  angs (C): 2.600 28.900 0.000, -13.700 28.300 0.000
  angs (L): 96.000 60.900 0.000, 11.500 25.900 0.000





